Formulation,Compressive Strength
"The formulation is Powderkg = 420, wc = 0.5, materials = 0.7/0.3, curing = Heat curing",43.5
"The formulation is Powderkg = 430, wc = 0.5, materials = 0.7/0.3, curing = Heat curing",43.84
"The formulation is Powderkg = 440, wc = 0.5, materials = 0.7/0.3, curing = Heat curing",44.18
"The formulation is Powderkg = 450, wc = 0.5, materials = 0.7/0.3, curing = Heat curing",44.49
"The formulation is Powderkg = 440, wc = 0.5, materials = 0.6/0.4, curing = Heat curing",61.61
"The formulation is Powderkg = 450, wc = 0.5, materials = 0.6/0.4, curing = Heat curing",61.3
"The formulation is Powderkg = 440, wc = 0.45, materials = 0.7/0.3, curing = Heat curing",39.19
"The formulation is Powderkg = 430, wc = 0.5, materials = 0.6/0.4, curing = Heat curing",61.95
